"año","mes","dia","cantidad","venta"
2019,2,1,125.8,79647.1
2019,2,10,255,164550.1
2019,2,1,255,163424.3
2018,2,1,391,242205.6
2018,7,1,181.9,105966.9
2018,2,10,470.9,291720
2019,2,10,149.6,96317
2018,2,1,214.2,133337.1
2017,2,3,723,346609.2
2018,7,10,467.5,272746.5
2018,2,10,317.9,198777.8
2017,3,1,673.5,348318
2018,7,1,391,228423
2017,2,4,1261.5,607294.8
2018,10,1,372.3,213961.8
2017,2,6,534,271291.2
2017,8,1,453,289920
2019,1,10,382.5,204457.5
2019,2,12,389.3,201069.7
2019,1,10,564.4,301642.9
2018,5,10,202.3,125785.4
2017,3,10,360,182430
2017,2,7,597,310611.6
2018,7,10,238,137101.9
2017,6,13,336,207864
2019,2,11,413.1,209067.3
2017,3,1,1107,577962
2018,10,10,251.6,144107.6
2019,1,11,574.6,308711
2017,2,5,559.5,268880.4
2018,5,11,246.5,152677.2
2017,5,10,252,156240
2019,2,12,192.1,99568.3
2017,8,10,169.5,108480
2018,7,11,382.5,217579.7
2019,1,11,584.8,312789.1
2018,3,1,581.4,356430.1
2017,12,18,816,468099.6
2018,9,10,547.4,292050.2
2018,5,10,239.7,146000.4
2018,2,11,241.4,150841.6
2019,2,11,365.5,178685
2017,5,11,211.5,131130
2017,4,1,408,226039.2
2017,8,10,253.5,162240
2018,10,1,425,262874.3
2017,3,10,528,269643.6
2018,7,11,181.9,102651.9
2018,5,11,360.4,221601.9
2017,12,19,573,346725.6
2018,3,10,783.7,422242.6
2018,9,10,341.7,192691.2
2017,8,1,226.5,144691.2
2018,4,1,236.3,147425.2
2018,2,11,413.1,255377.2
2017,6,15,333,206460
2017,4,10,603,368455.2
2018,10,10,408,233688
2018,9,1,307.7,200005
2017,5,10,511.5,317130
2018,6,7,270.3,167272.3
2018,8,1,204,127405.2
2018,7,12,409.7,234923
2019,1,12,613.7,331921.2
2017,3,11,538.5,272712
2017,5,11,402,249240
2018,5,12,365.5,226318.3
2017,12,17,348,204777.6
2018,2,13,481.1,295912.5
2017,4,1,280.5,154766.4
2018,9,1,214.2,139230
2019,2,13,300.9,156149.5
2017,6,14,546,338520
2017,9,1,274.5,175680
2018,8,10,193.8,125970
2017,12,18,547.5,308630.4
2018,3,1,268.6,166938.2
2018,10,11,311.1,178187.1
2017,5,12,315,195300
2018,4,10,311.1,192262.2
2018,4,10,511.7,317868.2
2018,12,1,261.8,131535.3
2018,2,13,243.1,151511.1
2017,10,19,325.5,205716
2017,4,10,675,394911.6
2018,1,10,411.4,217110.4
2019,1,13,634.1,341406
2017,12,19,357,215062.8
2019,2,13,481.1,249804.1
2018,3,10,625.6,335025.6
2018,2,12,438.6,265228.6
2018,4,1,453.9,282443.2
2018,9,11,200.6,115564.8
2017,6,16,474,293880
2018,12,10,649.4,319042.1
2019,1,12,365.5,196940.9
2017,8,11,348,222720
2017,3,11,376.5,190933.2
2017,4,11,456,282590.4
2017,9,10,459,293760
2017,10,2,948,509527.2
2019,2,14,494.7,256777.3
2018,1,11,460.7,244489.7
2018,6,9,258.4,159510
2017,10,19,216,136932
2018,2,12,527,307836.1
2018,9,11,338.3,192439
2018,8,1,511.7,325101.4
2017,6,16,343.5,212970
2019,2,15,414.8,216136.7
2017,3,12,352.5,176733.6
2018,10,13,3541.1,1485796
2017,8,11,247.5,158400
2018,5,12,226.1,140641.8
2018,4,11,285.6,178227.4
2017,4,11,217.5,133808.4
2018,3,11,697,374439
2018,11,1,244.8,154700
2017,9,10,219,140160
2017,12,1,508.5,281546.4
2017,10,2,1398,711589.2
2018,10,12,5788.5,2422221.1
2018,8,10,453.9,287950
2019,1,13,472.6,253403.8
2017,7,1,631.5,374394
2017,5,12,463.5,287370
2018,1,10,664.7,353026.7
2017,9,1,372,238080
2017,8,12,148.5,95040
2018,12,10,705.5,360352.2
2018,6,10,469.2,291645.9
2017,1,29,1267.5,606343.2
2018,2,14,147.9,92184.3
2018,11,10,482.8,246941.5
2017,12,10,394.5,236204.4
2017,10,20,307.5,195312
2018,10,13,9232.7,3858311.6
2018,8,11,91.8,59670
2018,3,11,770.1,413513.1
2019,2,14,239.7,124460.7
2017,6,15,421.5,261330
2018,12,1,719.1,359110.7
2018,1,11,550.8,291844.8
2017,8,13,277.5,177600
2018,6,1,204,126971
2017,7,10,582,324685.2
2018,5,13,238,148712.2
2017,8,12,319.5,204480
2019,1,14,550.8,292368.7
2018,2,14,348.5,216481.2
2018,4,11,472.6,290074.2
2017,1,28,1303.5,619900.8
2018,1,12,423.3,223497.3
2017,5,14,306,189720
2017,12,1,880.5,489667.2
2017,5,13,463.5,287370
2018,5,14,334.9,202281.3
2018,11,1,166.6,108290
2017,3,12,603,306556.8
2017,6,17,438,271560
2017,4,12,522,323553.6
2018,6,1,290.7,179901.8
2017,8,13,184.5,118080
2018,12,11,397.8,204049.3
2018,12,11,520.2,264329
2017,10,10,792,433699.2
2019,2,15,593.3,310541.4
2018,10,11,470.9,269714.9
2019,1,14,583.1,294665.8
2017,7,1,568.5,338064
2018,1,12,537.2,285732.2
2017,12,10,546,324715.2
2019,3,10,350.2,182816.4
2019,2,16,401.2,209922.7
2017,6,17,586.5,363630
2018,3,12,744.6,392535
2018,4,12,222.7,138632
2017,9,11,381,228451.2
2017,10,10,447,243972
2018,5,13,319.6,197247.7
2017,7,10,504,293829.6
2017,4,12,241.5,149730
2017,12,11,631.5,351505.2
2019,3,1,255,133294.2
2018,8,11,306,196950
2018,9,12,282.2,161551
2017,5,14,535.5,332010
2017,1,28,918,437446.8
2018,11,10,210.8,106727.4
2017,10,1,874.5,479674.8
2017,3,13,267,149629.2
2018,6,10,149.6,93168.4
2018,4,13,299.2,181989.6
2017,6,18,324,200880
2018,2,15,273.7,170132.3
2019,1,15,391,209001
2017,5,13,324,200880
2018,5,14,406.3,234951.6
2017,7,11,223.5,132422.4
2018,8,12,231.2,150280
2017,11,1,655.5,396627.6
2017,9,11,427.5,267283.2
2018,9,13,289,164684
2018,11,11,431.8,221326.3
2017,3,14,606,357243.6
2017,8,14,241.5,145084.8
2019,3,10,710.6,369148
2017,10,1,1269,692805.6
2017,1,30,465,223550.4
2018,2,15,423.3,261848.6
2017,4,13,603,373860
2017,3,13,456,261088.8
2018,10,14,6429.4,2702752
2018,1,13,691.9,367123.9
2017,7,11,415.5,246984
2019,2,16,510,266640.4
2018,3,13,804.1,431895.1
2018,12,12,484.5,246496.9
2019,3,1,515.1,265970.9
2017,9,13,280.5,179520
2017,3,14,142.5,83952
2018,8,13,406.3,253367.4
2019,1,15,906.1,483792.4
2018,1,14,612,323271
2017,4,13,333,206460
2017,11,10,319.5,199112.4
2017,1,10,340.5,200462.4
2019,2,17,389.3,203249.8
2017,10,11,196.5,124872
2017,5,15,474,276154.8
2017,12,11,603,343996.8
2018,1,13,581.4,308084.4
2018,11,11,277.1,141628.5
2018,2,16,341.7,211814.2
2018,10,16,309.4,177213.4
2018,4,14,212.5,132215.2
2018,5,15,192.1,118153.1
2018,3,13,593.3,316707.3
2018,12,12,193.8,100635.6
2017,8,14,244.5,153724.8
2019,1,16,379.1,202458.1
2017,9,13,166.5,106560
2019,2,18,671.5,343766.8
2017,4,14,199.5,123690
2018,8,13,307.7,187148
2017,1,11,322.5,190356
2018,9,14,368.9,209469
2018,6,11,249.9,144628.9
2018,6,11,404.6,246387.7
2017,12,12,402,237907.2
2018,3,12,1060.8,534879.8
2017,11,10,207,129394.8
2018,1,14,627.3,331566.3
2018,12,13,549.1,280900.1
2018,8,12,367.2,235170
2017,9,12,189,120019.2
2017,6,19,570,330333.6
2018,2,16,181.9,113552.4
2017,11,1,654,349706.4
2018,5,15,353.6,219354.2
2019,1,16,848.3,453441.3
2018,10,12,14118.5,5929339
2017,9,12,295.5,189120
2017,7,12,225,144000
2017,5,15,543,328450.8
2018,11,12,595,283910.9
2018,11,12,666.4,328728.4
2017,1,10,175.5,103010.4
2018,6,12,419.9,260221
2017,8,15,214.5,137280
2017,3,15,196.5,116012.4
2018,9,16,187,107250
2018,5,16,85,53086.8
2017,12,13,276,166819.2
2019,2,18,756.5,369279.3
2018,10,15,6579,2735432.7
2017,10,11,402,253584
2017,1,11,132,77623.2
2018,4,12,455.6,273854.1
2017,12,12,718.5,414937.2
2017,11,11,247.5,154396.8
2017,6,2,424.5,263190
2019,2,17,496.4,259394.2
2017,7,12,403.5,258240
2018,6,13,122.4,75843.3
2018,12,13,331.5,165750
2018,5,17,159.8,99414.9
2018,3,14,714,384462
2017,8,15,220.5,141120
2018,9,16,187,105820
2017,3,15,457.5,270085.2
2017,4,14,283.5,175770
2019,3,11,620.5,319829.9
2018,10,16,190.4,108032.6
2017,6,18,385.5,239010
2018,5,16,389.3,240896.5
2017,9,14,172.5,110400
2017,5,16,352.5,217573.2
2018,9,12,266.9,151320
2018,11,13,596.7,288733.9
2018,4,13,241.4,150248.8
2017,10,12,343.5,217092
2018,2,17,496.4,307906.3
2018,12,14,669.8,342097.6
2019,1,17,319.6,170835.6
2019,2,19,272,141232
2018,4,15,493,297031.8
2018,5,17,214.2,132743
2017,4,15,198,122760
2018,10,17,413.1,236609.1
2018,6,12,95.2,58613.1
2017,5,17,226.5,140430
2017,1,12,321,185810.4
2018,9,13,255,145158
2018,1,15,600.1,314906.8
2017,10,13,240,152088
2019,3,11,676.6,329505.8
2019,1,18,647.7,348479.3
2017,7,13,241.5,154560
2018,2,17,190.4,118752.4
2018,12,14,156.4,81549
2019,2,2,193.8,125674.9
2018,9,15,336.6,192478
2017,8,16,262.5,168000
2017,6,2,436.5,270630
2018,4,16,579.7,335155.6
2018,6,13,384.2,238096.3
2019,1,17,707.2,377884
2018,3,14,647.7,347417.2
2017,1,12,115.5,68038.8
2017,9,14,274.5,175680
2018,11,13,860.2,412211.8
2018,2,18,198.9,124125.3
2017,5,16,457.5,283650
2017,3,16,348,205308
2017,11,11,310.5,193503.6
2017,10,12,231,146436
2017,7,13,417,266880
2017,8,16,174,111360
2017,4,15,375,232413.6
2018,10,17,187,107107
2018,2,19,353.6,208283.4
2018,4,15,336.6,210020.2
2018,1,15,788.8,392147.6
2018,9,17,205.7,115775.4
2017,5,17,400.5,248310
2017,3,17,417,245473.2
2019,3,13,136,86277.1
2017,6,20,255,158100
2017,10,13,348,219936
2018,3,15,746.3,402663.3
2018,2,18,396.1,245533.6
2018,6,14,314.5,196969.5
2019,2,19,572.9,297469.9
2017,3,16,435,255955.2
2018,4,16,567.8,330241.6
2017,9,15,330,211200
2017,1,13,357,210810
2019,1,19,333.2,179400
2019,3,12,345.1,179011.3
2018,11,14,399.5,188936.8
2017,5,18,270,167400
2018,9,17,343.4,184645.5
2018,12,15,329.8,170170
2017,11,12,465,289788
2018,2,19,457.3,278080.4
2017,7,14,531,339840
2019,1,18,324.7,173954.3
2019,2,2,299.2,193576.5
2018,5,18,181.9,113280.7
2018,4,17,382.5,231796.5
2017,3,17,489,288698.4
2019,3,13,324.7,207680.2
2017,9,16,270,172800
2017,1,14,210,124152
2018,1,16,715.7,381184.7
2018,12,16,272,140777
2017,10,14,322.5,203820
2018,11,14,1096.5,517727.6
2017,9,15,276,176640
2017,11,13,469.5,273576
2018,3,16,916.3,492389.3
2019,2,20,282.2,146351.4
2019,3,12,459,239263.7
2017,8,17,280.5,179520
2017,3,18,657,388082.4
2017,4,16,489,303180
2017,11,12,355.5,221976
2018,1,17,333.2,197307.5
2017,6,22,193.5,114594
2018,3,15,586.5,313813.5
2018,9,2,360.4,234260
2018,10,14,3039.6,1273740
2017,9,16,181.5,116160
2017,5,18,411,254726.4
2019,1,19,693.6,374190.7
2017,1,13,219,128814
2017,6,19,444,269350.8
2019,2,20,581.4,301618.2
2017,4,17,570,345798
2018,6,14,188.7,118181.7
2017,8,17,177,113280
2017,11,13,420,254734.8
2018,1,16,538.9,286627.9
2017,7,14,375,240000
2018,5,18,282.2,174116.8
2018,9,20,423.3,243113
2018,10,18,324.7,185976.7
2018,4,17,333.2,205381.8
2017,1,14,301.5,177873.6
2019,3,15,263.5,168229.1
2018,9,2,290.7,188955
2017,10,14,292.5,185268
2018,12,15,753.1,388397.1
2018,6,15,362.1,226781.1
2017,6,21,285,168972
2017,8,18,135,86400
2018,11,16,368.9,187145.4
2019,1,20,816,438139
2018,5,19,163.2,101791.3
2018,10,19,331.5,190659.3
2018,1,17,263.5,157705.6
2018,3,16,727.6,389443.6
2018,4,14,442,267276.1
2017,4,16,258,159960
2018,11,15,287.3,145689.7
2019,1,2,192.1,121637.1
2018,12,16,907.8,453115
2017,7,16,462,295680
2017,8,18,280.5,179520
2017,7,15,454.5,290730
2018,3,17,661.3,354004.3
2019,1,20,341.7,183433.9
2019,3,14,102,65746.2
2017,4,17,667.5,388642.8
2018,9,14,360.4,204373
2017,1,15,255,149004
2018,1,18,379.1,223984.8
2018,2,2,419.9,258776.7
2019,2,21,255,132405
2018,12,17,668.1,324469.6
2018,5,2,632.4,393417.7
2018,11,15,598.4,305488.3
2018,6,16,166.6,104340.6
2017,6,22,310.5,184866
2017,11,14,267,165477.6
2019,1,2,368.9,226852.6
2018,4,19,476,282686.3
2018,10,2,309.4,195110.5
2017,4,18,421.5,260026.8
2017,5,19,316.5,196230
2017,9,17,178.5,114240
2019,3,14,312.8,199904.9
2018,3,17,773.5,414364.6
2018,1,18,181.9,108741.1
2018,4,18,299.2,185954.6
2019,2,21,544,281846.5
2018,11,16,239.7,121291.3
2017,10,15,429,271128
2017,6,23,432,256626
2018,2,2,246.5,153241.4
2018,5,19,323,199773.6
2017,3,19,453,267529.2
2018,9,20,379.1,215527
2017,8,19,304.5,194880
2017,7,16,361.5,231300
2019,3,15,200.6,127436.4
2017,5,19,429,265980
2017,9,17,175.5,112320
2018,5,2,664.7,411204.3
2017,7,15,265.5,169920
2017,6,20,420,260400
2017,10,15,274.5,173820
2019,2,22,367.2,191908.6
2017,3,18,526.5,308823.6
2018,12,18,476,239759
2019,1,21,754.8,401546.6
2018,4,19,268.6,167456.9
2017,5,2,1030.5,629606.4
2018,11,17,377.4,191180.6
2017,4,18,570,353400
2017,1,15,343.5,203032.8
2018,2,20,425,261901.9
2018,9,21,311.1,177476
2018,12,17,690.2,344814.6
2019,3,16,217.6,138486.4
2017,3,19,699,412845.6
2019,1,21,600.1,304005
2017,7,17,483,302534.4
2017,9,2,373.5,239040
2019,2,22,266.9,138583.9
2018,2,21,317.9,195630.5
2018,11,17,265.2,134390.1
2018,9,15,328.1,186381
2018,12,18,595,308911.2
2017,6,23,396,234726
2018,10,15,3213,1279918.9
2018,4,2,799,480585.3
2017,8,19,217.5,139200
2017,9,20,439.5,280980
2018,1,19,263.5,156087.1
2017,1,16,345,185251.2
2018,12,19,229.5,142532
2018,5,20,193.8,119953.6
2017,5,2,882,531074.4
2017,7,17,552,331440
2017,9,2,253.5,162240
2017,10,16,381,234151.2
2018,2,20,197.2,123159.4
2017,6,24,322.5,191466
2019,3,16,166.6,106167.1
2017,8,2,127.5,81600
2018,10,20,329.8,190210.8
2018,9,21,280.5,159421.6
2018,1,2,792.2,471918.2
2017,4,2,520.5,289550.4
2017,5,20,402,249240
2017,1,16,375,215991.6
2018,2,21,136,84830.2
2017,10,17,355.5,224676
2017,6,25,255,151254
2019,1,22,703.8,378361.1
2019,2,23,181.9,94671.2
2018,10,21,379.1,218710.7
2017,3,2,1083,564194.4
2017,8,2,355.5,227923.2
2018,4,2,640.9,372122.4
2017,6,21,499.5,297258
2018,7,13,232.9,131999.4
2017,5,20,556.5,345030
2018,5,20,173.4,108253.6
2018,9,23,528.7,299325
2017,3,20,615,351334.8
2018,7,12,212.5,120866.2
2019,2,23,348.5,182377
2017,10,16,408,243147.6
2018,9,22,353.6,202241
2018,4,20,404.6,244791.3
2018,11,18,302.6,154230.7
2017,3,2,685.5,356756.4
2017,4,2,423,234378
2019,3,18,374,216426.6
2018,2,22,197.2,122541.9
2017,9,20,369,236160
2018,12,19,292.4,171871.7
2019,1,23,278.8,179835.5
2018,7,13,476,269886.5
2018,10,22,372.3,211939
2019,3,17,263.5,168690.6
2018,4,21,402.9,236434.9
2017,1,18,574.5,297720
2018,1,20,173.4,103950.6
2019,1,22,312.8,167397.1
2017,10,17,256.5,161520
2018,11,19,606.9,287430
2017,3,20,780,430186.8
2017,9,21,207,132480
2017,6,24,441,262626
2017,4,20,336,208320
2018,9,22,374,211588
2018,5,21,331.5,201376.5
2018,11,18,498.1,252999.5
2018,2,22,272,166218
2017,1,17,201,118831.2
2018,1,19,139.4,83314.4
2017,10,18,270,170640
2019,3,18,265.2,165646
2018,10,22,384.2,207105.6
2017,8,20,238.5,152640
2017,4,21,438,271560
2018,9,23,348.5,199641
2017,6,25,372,221316
2019,3,17,292.4,189229.3
2017,7,18,381,243810
2018,11,19,693.6,345775.3
2017,5,21,382.5,237150
2017,9,21,304.5,194880
2018,5,22,258.4,159035.5
2019,2,24,552.5,289100.5
2018,1,2,634.1,372134.1
2019,1,23,81.6,52947.7
2018,10,23,178.5,102238.5
2017,8,20,387,247680
2017,10,18,204,129624
2017,7,19,369,236160
2018,12,2,438.6,220629.5
2017,1,18,700.5,364815.6
2019,2,25,630.7,325015.6
2018,7,15,282.2,160308.2
2017,5,21,654,405480
2018,1,20,285.6,170523.6
2017,4,20,778.5,482670
2017,1,17,301.5,174979.2
2019,2,24,239.7,125794.5
2017,7,18,270,172800
2018,5,21,273.7,160171.7
2017,3,21,544.5,321570
2018,9,24,528.7,283436.4
2018,2,23,340,209309.1
2018,11,2,232.9,145925
2018,12,2,698.7,349976.9
2017,5,22,637.5,371992.8
2017,4,21,559.5,346890
2017,7,19,298.5,191040
2019,2,25,613.7,300667.9
2018,10,24,204,130661.7
2018,6,16,372.3,233169.3
2018,7,14,408,231804.3
2018,5,22,195.5,120010.8
2017,11,14,430.5,268287.6
2018,1,22,399.5,233511.2
2017,6,26,333,194509.2
2018,2,24,236.3,147425.2
2018,7,14,187,106538.9
2017,3,21,306,180024
2018,12,20,244.8,147960.8
2018,12,20,158.1,96642
2017,1,19,916.5,471706.8
2018,6,15,134.3,84111.3
2019,2,26,545.7,283346.7
2018,4,22,447.1,268954.4
2019,1,24,107.1,68322.8
2018,11,2,102,65968.5
2017,7,2,232.5,138438
2018,1,21,195.5,116651.6
2019,3,19,74.8,47827
2017,2,6,745.5,356431.2
2017,8,21,769.5,396122.4
2018,7,15,307.7,175717.1
2018,12,21,231.2,137686.9
2018,2,24,433.5,269573.2
2019,2,26,306,158886
2017,5,22,558,337806
2019,3,19,215.9,137566
2018,5,23,300.9,186377.1
2018,2,23,164.9,102831.3
2019,1,26,2927.4,1250395.9
2017,7,2,237,140766
2018,1,21,314.5,187493.8
2018,10,24,103.7,66389.7
2017,11,15,427.5,266418
2017,8,22,559.5,307974
2018,9,25,275.4,154680.5
2017,9,22,199.5,127680
2017,8,21,486,258765.6
2017,5,23,315,193605.6
2017,1,19,490.5,246274.8
2017,2,10,303,179133.6
2018,1,22,459,258580.4
2019,1,24,345.1,222653.6
2017,11,16,319.5,199112.4
2017,6,28,280.5,166476
2018,10,25,236.3,150733.7
2018,7,16,336.6,184440.1
2018,6,17,149.6,93693.6
2017,2,1,937.5,483481.2
2017,3,22,367.5,202448.4
2019,3,20,200.6,128174.8
2017,8,22,523.5,288972
2018,2,25,360.4,222558.7
2019,1,25,3296.3,1402388
2017,9,22,381,243840
2017,10,20,372,235104
2017,4,22,310.5,192510
2017,4,22,634.5,393157.2
2018,9,26,217.6,138763.3
2017,5,23,552,342240
2018,10,25,76.5,49078.9
2018,5,23,413.1,256010.3
2018,11,21,763.3,345712.9
2018,7,16,453.9,253409
2018,6,17,377.4,236363.4
2017,6,27,376.5,223602
2019,2,27,613.7,318654.7
2017,8,23,369,203623.2
2018,12,21,297.5,182621.4
2017,2,1,352.5,180204
2017,3,22,562.5,312054
2018,4,18,399.5,237350.1
2017,5,24,274.5,170190
2018,11,20,287.3,146023.8
2019,3,2,314.5,164322.6
2017,1,20,1495.5,722187.6
2017,3,23,441,245137.2
2017,11,15,154.5,96284.4
2019,2,27,443.7,230384.7
2017,8,23,411,226872
2018,4,24,266.9,158403.7
2017,1,2,334.5,182112
2018,2,25,260.1,162232.2
2019,3,20,105.4,68214.9
2017,10,21,216,136836
2018,5,24,282.2,175175
2019,1,27,1779.9,759401.5
2018,11,20,748,381331.6
2018,10,26,95.2,60310.9
2018,6,18,370.6,225992
2017,6,28,367.5,218274
2018,3,18,705.5,379190.5
2017,11,16,205.5,128067.6
2019,3,2,566.1,295717.5
2018,12,22,295.8,177282.3
2017,3,24,313.5,172849.2
2017,2,10,207,122378.4
2017,9,23,319.5,204480
2018,4,25,295.8,178438
2018,1,23,382.5,227154.2
2017,10,22,334.5,211728
2017,7,20,312,199680
2018,10,27,130.9,84069.7
2017,1,2,309,159652.8
2019,1,25,8503.4,3632228.6
2018,5,25,380.8,234423.8
2018,9,27,226.1,143826.8
2017,5,24,481.5,298483.2
2018,11,21,421.6,186721.6
2018,7,17,234.6,134399.2
2018,4,24,232.9,145221.7
2017,11,17,454.5,283244.4
2019,2,28,470.9,244507.9
2017,9,24,402,257280
2018,2,26,532.1,320295.3
2018,10,26,277.1,170946.1
2018,5,24,139.4,86663.2
2019,1,26,6667.4,2846812.8
2017,4,23,636,394320
2017,7,21,381,243840
2019,3,21,256.7,164362.9
2017,3,23,333,182748
2017,6,26,496.5,278754
2017,9,23,238.5,152640
2018,8,14,139.4,88289.5
2018,6,19,144.5,89605.1
2018,4,25,158.1,98547.8
2018,12,23,236.3,148157.1
2017,7,20,168,107520
2018,10,27,278.8,173812.6
2017,10,21,322.5,203820
2019,2,28,268.6,139201.4
2018,5,25,181.9,113009
2018,7,17,399.5,227302.4
2018,2,27,504.9,309969.4
2017,8,24,438,241776
2018,3,18,955.4,511105.4
2018,1,24,363.8,216387.6
2017,3,25,325.5,178476
2018,12,22,205.7,130109.2
2018,4,23,708.9,410204.6
2017,4,24,723,419530.8
2018,11,22,1217.2,541009.3
2017,9,24,367.5,235200
2017,5,25,292.5,181350
2017,1,20,792,379626
2018,10,18,188.7,108080.7
2017,6,29,454.5,270114
2017,4,23,457.5,283650
2019,1,28,108.8,65561.6
2019,2,3,103.7,66666.6
2017,2,11,289.5,169590
2018,8,14,232.9,147615
2017,7,21,327,209280
2017,10,22,477,301464
2018,6,19,374,234234
2017,8,25,448.5,249684
2018,1,25,345.1,205805.6
2017,11,17,208.5,129937.2
2017,12,13,522,316670.4
2018,12,23,430.1,257384.4
2019,1,27,6028.2,2570577.1
2017,1,21,1246.5,601858.8
2017,8,24,337.5,186300
2019,3,21,137.7,87474.4
2018,10,19,108.8,62316.8
2018,6,18,387.6,226889
2018,2,26,343.4,199334.2
2018,3,2,6862.9,2885516.4
2018,4,26,280.5,174835.7
2018,1,24,185.3,111257.9
2017,7,22,252,161280
2018,7,18,353.6,201766.5
2018,5,26,219.3,136555.9
2017,12,14,457.5,269418
2017,2,11,204,120604.8
2018,3,19,824.5,435574.1
2017,8,25,421.5,234516
2018,1,25,229.5,137124
2018,9,28,380.8,193142.3
2019,2,4,161.5,94584.1
2017,5,25,403.5,250170
2017,6,3,325.5,201810
2018,11,22,807.5,360552.4
2017,10,23,357,216651.6
2017,2,12,319.5,187490.4
2018,7,18,142.8,80910.7
2018,5,26,321.3,198651.7
2017,7,22,471,301440
2018,12,24,243.1,150781.8
2017,9,25,402,240614.4
2017,4,25,478.5,296670
2018,10,28,241.4,153965.5
2018,9,29,625.6,318245.2
2018,8,16,227.8,146315
2017,11,19,327,203786.4
2019,1,29,156.4,98891
2019,2,4,188.7,119403.7
2017,2,13,312,172470
2018,7,19,181.9,103036.7
2017,4,24,631.5,382666.8
2018,8,15,122.4,79560
2018,3,2,14189.9,5966691.9
2018,6,2,280.5,174811
2019,2,3,209.1,134715.1
2017,12,14,282,171710.4
2019,3,22,287.3,182499.2
2017,11,18,433.5,270157.2
2017,2,12,250.5,148095.6
2018,1,23,260.1,155489.1
2017,1,21,832.5,399051.6
2017,5,26,351,217620
2018,11,23,595,264572.1
2018,3,19,1339.6,672646
2017,9,25,424.5,263674.8
2017,3,24,529.5,293424
2017,6,27,352.5,209394
2017,12,15,526.5,310834.8
2018,2,28,260.1,162232.2
2018,7,19,385.9,219709.1
2019,3,23,159.8,101101
2018,8,15,309.4,198055
2017,2,13,301.5,175514.4
2018,12,24,219.3,124395.7
2018,6,2,382.5,237823.3
2017,9,26,304.5,194880
2018,1,26,226.1,136245.2
2018,4,27,175.1,109096
2018,10,28,287.3,183053
2017,5,26,495,306900
2017,4,25,325.5,201289.2
2017,10,23,498,292712.4
2017,7,23,456,291840
2018,5,27,377.4,233132.9
2017,11,19,144,89740.8
2019,1,28,331.5,210590.9
2017,6,3,624,386880
2018,3,20,654.5,350993.5
2017,9,27,678,370758
2018,9,3,278.8,169604.5
2017,1,22,1150.5,562702.8
2018,4,28,329.8,192489.7
2018,11,24,911.2,403799.5
2018,11,24,1526.6,681096
2018,10,29,239.7,140656.1
2019,2,5,204,130938.6
2017,5,27,445.5,276210
2017,11,18,457.5,285114
2018,2,27,226.1,140012.6
2019,3,22,153,97354.4
2017,4,26,550.5,341310
2017,12,16,711,418327.2
2017,9,26,288,183244.8
2017,7,24,603,361862.4
2018,8,16,112.2,72930
2019,1,30,91.8,57547.1
2017,6,30,375,223050
2018,11,23,1047.2,468956.8
2018,12,26,163.2,102481.6
2017,8,26,534,296484
2018,5,27,153,95798.3
2018,6,20,215.9,125388.9
2018,10,3,253.3,160565.6
2019,3,23,222.7,142244.7
2018,3,20,765,410709
2017,7,23,415.5,265920
2018,9,3,249.9,158173.6
2018,2,28,552.5,337620.4
2018,4,28,193.8,120980.6
2019,1,3,319.6,207499.5
2017,9,27,495,269610
2018,8,17,224.4,143845
2017,3,28,409.5,224617.2
2018,10,29,319.6,195308.1
2017,10,24,280.5,174807.6
2018,7,2,367.2,200740.8
2017,11,2,660,403968
2017,2,14,175.5,102807.6
2018,6,21,151.3,88128.3
2018,5,28,360.4,216751.6
2017,6,30,327,193962
2018,12,26,197.2,122289.7
2017,12,15,298.5,181276.8
2018,4,26,263.5,159394.3
2017,7,24,397.5,248352
2017,8,26,583.5,326580
2017,3,26,303,168136.8
2019,2,5,153,98286.5
2017,5,27,313.5,194370
2019,1,3,273.7,166632.7
2017,10,25,372,231830.4
2018,12,27,217.6,135090.8
2017,6,4,643.5,398412
2019,3,24,188.7,122285.8
2018,7,2,469.2,269556.3
2018,4,27,226.1,130136.5
2017,2,14,253.5,149869.2
2018,1,27,209.1,125162.7
2017,10,24,192,119713.2
2017,3,27,921,466686
2018,10,2,122.4,77806.3
2018,5,28,450.5,261539.2
2019,1,30,241.4,156209.3
2018,6,20,460.7,269033.7
2017,5,28,498,308760
2017,3,26,495,274227.6
2018,4,29,239.7,138570.9
2017,4,26,315,195253.2
2017,1,24,664.5,344252.4
2017,8,28,445.5,266640
2019,3,25,363.8,226630.3
2018,3,21,530.4,284450.4
2017,6,29,348,206226
2018,7,20,487.9,277942.6
2018,1,28,260.1,154836.5
2017,11,2,402,225794.4
2017,10,25,393,213986.4
2019,2,6,226.1,145618.2
2018,2,3,125.8,78516.1
2018,6,21,350.2,204820.2
2019,1,29,294.1,188672.9
2018,9,30,697,353416.7
2018,11,25,1125.4,502045.7
2017,3,27,621,339007.2
2017,4,27,537,332940
2017,1,22,642,310014
2017,12,17,420,243312
2018,4,20,217.6,135392.4
2018,8,17,183.6,119340
2019,2,7,166.6,107367
2017,8,28,360,224503.2
2018,12,27,277.1,165146.8
2017,3,25,619.5,343532.4
2018,3,21,763.3,409904.3
2018,2,3,340,211874
2018,7,20,192.1,108808.7
2019,3,24,221,140511.8
2017,1,23,892.5,427875.6
2017,8,27,471,261361.2
2018,4,21,270.3,168916.8
2017,5,28,529.5,328116
2017,4,27,249,154380
2017,11,20,586.5,356461.2
2018,12,28,297.5,180263.2
2017,12,16,495,296388
2018,3,22,727.6,391315.6
2018,9,4,178.5,115096.8
2017,6,5,744,433594.8
2018,5,29,168.3,102640.2
2018,2,4,268.6,166372.7
2019,1,31,229.5,148252
2017,9,28,544.5,297660
2018,6,22,178.5,103915.5
2018,4,29,193.8,121277
2019,3,25,290.7,169954.2
2019,2,6,73.1,46222.8
2018,10,30,103.7,64543.7
2018,11,25,1383.8,636039.3
2017,3,29,324,176286
2018,8,18,147.9,96135
2018,9,30,549.1,281680.1
2017,2,15,376.5,222586.8
2017,11,21,312,194438.4
2018,1,26,227.8,134383.6
2017,8,27,627,348876
2017,1,25,457.5,235728
2017,10,26,501,281821.2
2019,3,26,120.7,74855.3
2019,2,7,103.7,65743.6
2017,7,25,256.5,161740.8
2018,3,22,659.6,354447.6
2018,2,4,175.1,109441.8
2018,5,29,513.4,317440.5
2017,9,28,670.5,365232
2018,8,19,79.9,51935
2018,10,30,289,184342.6
2017,4,28,385.5,239010
2018,8,18,255,162435
2018,1,29,368.9,214333.6
2018,12,28,234.6,147878.9
2018,9,24,479.4,264235.4
2017,1,25,688.5,354901.2
2018,7,21,533.8,303300.4
2017,9,29,855,466178.4
2017,8,29,211.5,133814.4
2018,6,22,406.3,236750.8
2017,5,29,373.5,228116.4
2018,11,26,402.9,183099.8
2018,1,28,214.2,127764
2017,7,25,336,215040
2018,8,19,243.1,156975
2019,1,4,346.8,180999
2019,2,8,108.8,70166.2
2017,4,28,181.5,112530
2017,2,15,312,183775.2
2018,3,23,338.3,201060.6
2017,12,2,742.5,412316.4
2017,9,3,306,195840
2017,6,5,525,317680.8
2017,10,26,558,318970.8
2018,4,3,647.7,400439
2019,3,26,232.9,148985.2
2018,5,3,312.8,195139.1
2017,11,20,468,273252
2018,2,5,362.1,214493.5
2017,5,3,454.5,281269.2
2018,7,21,368.9,209267.5
2017,8,29,249,159349.2
2018,10,31,151.3,95391.4
2018,9,5,197.2,111735
2017,9,29,577.5,314853.6
2017,4,29,435,269700
2019,2,8,241.4,154676.6
2017,1,23,826.5,416917.2
2019,1,4,391,201110
2018,5,30,299.2,185152.5
2018,12,29,239.7,146209.7
2018,6,23,360.4,210194.4
2017,6,6,370.5,227494.8
2017,11,21,207,128217.6
2018,3,23,591.6,351171.6
2018,10,4,258.4,167960
2018,2,5,346.8,203134.1
2018,8,2,406.3,262282.8
2017,9,3,444,284160
2018,9,5,396.1,227292
2018,11,26,372.3,187908.5
2019,1,5,669.8,347854
2017,5,29,603,350335.2
2019,3,27,207.4,129825.8
2017,1,24,490.5,249692.4
2018,10,20,227.8,130869.7
2017,4,29,180,111600
2018,1,27,360.4,213088.2
2017,6,7,313.5,194370
2017,12,20,432,269827.2
2017,10,27,912,476144.4
2017,3,30,405,224758.8
2017,11,22,430.5,237956.4
2018,12,29,238,138572.2
2017,1,26,412.5,211456.8
2018,5,30,134.3,83098.6
2018,6,23,183.6,106797.6
2017,7,26,175.5,112320
2018,11,27,351.9,169731.9
2018,11,27,465.8,238297.8
2019,2,9,100.3,65010.4
2017,5,3,801,496620
2018,10,21,261.8,151000.2
2018,4,22,447.1,279052.8
2019,1,5,561,289510
2017,12,21,327,205424.4
2018,5,3,479.4,297620.7
2017,3,28,448.5,247621.2
2017,2,18,759,374881.2
2018,7,23,598.4,318555.9
2017,11,22,583.5,324228
2017,1,27,576,272463.6
2017,7,27,145.5,93120
2018,9,25,419.9,239330
2018,10,31,249.9,160404.4
2017,5,30,429,265980
2018,11,28,418.2,207940.2
2018,7,22,300.9,170684.8
2019,3,28,205.7,132653.3
2017,1,26,727.5,374275.2
2017,6,4,550.5,341310
2017,2,16,226.5,133593.6
2018,12,3,343.4,219642.8
2017,7,26,312,199680
2017,12,21,465,291526.8
2018,10,4,102,66300
2018,6,24,202.3,117692.9
2019,3,27,329.8,209385.8
2018,1,3,613.7,325570.7
2017,10,27,642,366398.4
2019,1,7,489.6,249099.5
2018,2,6,387.6,238602
2018,9,26,214.2,135076.5
2017,9,30,852,464694
2017,6,6,540,334800
2018,8,2,217.6,136245.2
2017,1,27,1261.5,599898
2019,2,9,234.6,151659.3
2018,4,4,270.3,168126.4
2019,1,6,370.6,195275.6
2017,5,30,327,201435.6
2017,2,17,532.5,260906.4
2018,7,22,385.9,220017.2
2017,7,27,324,207360
2017,3,31,436.5,241070.4
2018,9,6,202.3,114621
2018,10,5,299.2,194480
2017,8,3,298.5,191040
2018,3,24,394.4,234895.7
2018,6,24,467.5,272303.2
2017,6,7,472.5,292950
2018,2,6,190.4,118974.7
2018,5,31,108.8,67498.6
2018,4,3,304.3,188276.4
2017,4,30,400.5,248263.2
2018,11,28,187,93342.6
2017,2,18,403.5,196350
2017,7,28,172.5,110400
2017,12,2,694.5,384859.2
2019,3,28,96.9,62615.8
2019,1,31,159.8,101654.8
2017,10,28,384,239308.8
2018,9,6,278.8,159055
2018,12,3,340,207040.6
2018,4,30,431.8,252271.5
2017,6,8,448.5,278070
2018,3,24,690.2,410950.8
2017,2,16,397.5,235002
2017,8,3,264,168960
2017,9,30,1138.5,623950.8
2017,11,24,240,132732
2018,1,29,409.7,247072.8
2019,3,29,141.1,89961.3
2018,7,23,489.6,277784
2017,7,28,328.5,210240
2017,10,29,331.5,206590.8
2017,12,22,423,263613.6
2019,1,6,416.5,213486
2017,4,3,444,241107.6
2018,12,30,180.2,110497.4
2017,2,17,595.5,295203.6
2017,3,29,360,199868.4
2017,8,30,250.5,160320
2018,3,25,447.1,266340.1
2018,8,20,353.6,218013.9
2017,10,28,435,224598
2018,11,29,346.8,172140.8
2018,4,6,406.3,252310.5
2017,11,24,390,216241.2
2017,5,31,399,247374
2018,10,6,272,176800
2018,9,7,261.8,148384.6
2018,8,21,343.4,218790
2017,4,3,732,380238
2017,8,31,285,182400
2018,2,7,476,295288.5
2018,6,25,595,302378.7
2017,12,22,486,302875.2
2018,4,5,639.2,395352.1
2018,11,3,219.3,136045
2018,12,30,363.8,214354.4
2019,1,8,249.9,131630.2
2017,10,29,597,318504
2017,11,23,537,296958
2017,9,4,423,263798.4
2018,3,25,578,343278
2018,8,20,154.7,93969.2
2018,7,24,215.9,122800.6
2018,9,8,370.6,210860
2019,1,7,263.5,126558.9
2019,3,29,260.1,167034.4
2018,5,31,314.5,194177.1
2018,2,8,215.9,135068.7
2018,10,7,336.6,218569
2017,1,29,829.5,394005.6
2017,5,31,411,254820
2017,3,3,654,339644.4
2018,12,31,195.5,117371.8
2018,1,30,414.8,256263.8
2017,4,30,667.5,413850
2018,6,25,445.4,237757
2018,11,3,51,33039.5
2017,11,23,595.5,331813.2
2017,6,8,340.5,211110
2018,4,23,419.9,240925.1
2018,8,21,110.5,69968.6
2017,9,4,472.5,282038.4
2018,5,4,408,252144.1
2018,2,9,484.5,301247.7
2017,3,30,313.5,150249.6
2018,1,31,345.1,214455.8
2017,12,20,369,231120
2018,9,27,91.8,58377.8
2018,8,22,268.6,172120
2018,12,31,232.9,146351.4
2017,4,4,622.5,345325.2
2017,3,3,1077,561014.4
2017,1,3,457.5,258001.2
2018,7,24,380.8,216515
2017,7,3,870,483512.4
2017,8,30,105,67200
2018,2,9,290.7,181545
2018,4,4,646,399360
2018,1,3,591.6,312052
2018,11,29,402.9,200036.2
2017,11,25,414,228848.4
2018,6,26,447.1,242749
2017,6,9,427.5,265050
2017,12,23,622.5,387942
2018,9,8,331.5,188162
2017,4,4,520.5,286807.2
2018,3,26,703.8,393580.2
2017,8,31,108,69120
2017,5,4,330,204600
2017,2,19,591,288205.2
2018,2,7,260.1,162627.4
2017,7,3,487.5,283742.4
2018,6,27,430.1,233395.5
2019,3,30,144.5,92725.1
2017,12,24,313.5,195373.2
2017,1,31,415.5,216417.6
2017,11,25,318,176924.4
2017,10,3,975,534266.4
2017,7,29,268.5,171840
2018,4,7,542.3,334217
2018,7,26,372.3,233169.3
2018,8,22,149.6,97240
2017,5,5,295.5,183210
2017,2,2,519,262688.4
2018,2,8,372.3,230889.1
2018,3,26,460.7,269757.8
2019,3,3,348.5,181398.1
2018,12,4,241.4,153970.7
2018,10,8,569.5,304929.3
2018,5,4,363.8,227327.1
2018,7,25,314.5,191324.9
2017,5,4,516,319734
2018,1,4,547.4,289541.2
2017,12,24,472.5,294462
2017,10,3,700.5,377452.8
2018,6,26,367.2,199368
2017,3,6,1266,615966
2017,7,29,387,247680
2017,8,4,108,69120
2019,1,9,600.1,320680.1
2018,5,5,316.2,197589.6
2017,1,3,295.5,160843.2
2018,12,5,401.2,209463.8
2019,3,3,613.7,320131.5
2018,9,28,374,190957
2018,1,30,210.8,128534.9
2018,4,5,249.9,155300.6
2017,3,31,213,116508
2017,10,30,790.5,464784
2018,6,27,450.5,244394.8
2018,11,30,445.4,224446.3
2017,9,5,129,82089.6
2019,3,30,248.2,158837.9
2017,1,30,783,394527.6
2018,5,6,401.2,251071.6
2018,8,24,215.9,136890
2017,5,5,492,305040
2018,9,29,627.3,320214.7
2018,1,31,209.1,130678.6
2017,6,9,435,269700
2018,12,5,656.2,342329
2017,7,30,423,270720
2018,7,25,382.5,236541.5
2017,10,31,493.5,304309.2
2017,9,6,207,131270.4
2017,2,20,468,253302
2018,9,9,527,300651
2018,12,4,307.7,197132
2018,3,27,413.1,245661
2018,11,30,251.6,125463
2017,8,4,264,168960
2019,1,8,391,208773.5
2017,9,5,319.5,204480
2017,11,26,351,194926.8
2017,2,19,781.5,385542
2017,4,5,628.5,389670
2018,7,26,244.8,148183.1
2018,5,5,401.2,247811.2
2019,3,31,290.7,185226.6
2018,3,28,523.6,324096.5
2017,1,4,198,116808
2018,10,9,260.1,147817.8
2018,1,5,516.8,273345.8
2019,1,9,306,163566
2017,5,6,406.5,252030
2017,9,6,346.5,221760
2017,11,27,1021.5,531187.2
2018,8,24,192.1,124865
2017,6,1,280.5,173910
2017,2,2,880.5,453553.2
2017,12,26,421.5,262678.8
2018,5,6,440.3,273503.1
2018,7,27,486.2,303023.5
2018,3,27,465.8,277479.8
2018,6,28,282.2,153218
2017,8,6,178.5,114240
2018,4,8,357,223167.1
2018,10,23,272,156973.7
2017,4,5,364.5,225990
2017,11,26,451.5,252432
2018,8,23,144.5,93925
2018,8,23,209.1,133445
2017,3,7,555,288601.2
2018,1,6,586.5,310888.5
2017,1,4,370.5,218516.4
2017,6,10,342,212040
2017,8,5,286.5,183360
2017,10,30,499.5,277412.4
2018,12,6,737.8,389990.9
2017,12,26,534,332788.8
2018,11,5,331.5,202389.2
2018,11,5,397.8,253379.1
2017,6,1,513,318060
2017,3,4,1360.5,709863.6
2017,7,30,244.5,156480
2019,3,31,324.7,208674.7
2018,10,9,375.7,215187.7
2017,10,31,420,231034.8
2018,5,7,453.9,272279.8
2018,8,25,285.6,185640
2017,5,6,502.5,311550
2018,11,4,119,77350
2018,3,28,249.9,155720.5
2017,8,5,195,124800
2017,12,23,541.5,337462.8
2018,1,5,440.3,232688.3
2018,9,4,283.9,184535
2017,6,10,403.5,250170
2018,12,6,487.9,254813
2017,3,5,930,483813.6
2019,3,4,969,474896.5
2018,6,28,385.9,209521
2017,9,7,148.5,95040
2017,7,31,339,212121.6
2017,3,4,787.5,409362
2018,1,6,538.9,284900.2
2017,11,28,538.5,297811.2
2018,8,25,256.7,165119.5
2017,1,31,838.5,432993.6
2018,11,4,217.6,141219
2019,3,5,642.6,339440.4
2018,7,27,411.4,248921.4
2017,4,6,598.5,371070
2018,1,4,598.4,316339.4
2017,3,5,1290,676122
2017,5,7,451.5,279930
2017,9,7,357,228480
2018,3,29,210.8,130960.7
2019,3,4,685.1,352677
2017,8,6,265.5,169920
2018,6,3,368.9,230718.8
2017,11,28,700.5,389132.4
2017,4,7,529.5,327678
2018,9,7,396.1,225290
2018,6,29,323,187210.4
2017,10,4,415.5,226570.8
2017,9,8,157.5,100728
2017,4,6,330,204460.8
2018,4,8,510,316986.8
2017,11,27,918,501417.6
2018,11,6,340,213980
2017,8,7,295.5,177024
2017,1,5,184.5,107695.2
2018,7,29,564.4,348488.4
2017,12,28,502.5,313158
2018,1,7,547.4,290126.2
2017,6,11,466.5,289230
2018,12,7,644.3,336141
2018,3,29,498.1,306741.5
2018,5,7,843.2,489327.8
2018,7,28,360.4,214175
2018,6,3,443.7,275314
2017,9,9,310.5,198720
2017,4,7,373.5,231482.4
2017,12,27,445.5,277635.6
2017,12,27,447,278570.4
2018,4,9,727.6,422342.7
2018,9,9,357,203846.5
2017,5,8,508.5,306342
2017,7,31,423,253113.6
2017,10,4,856.5,469606.8
2017,9,8,330,211200
2018,8,26,214.2,139230
2018,11,6,185.3,119824.9
2017,5,7,459,284440.8
2017,6,11,607.5,376650
2018,12,7,402.9,210392
2018,10,3,90.1,55980.6
2018,6,30,438.6,255348.6
2019,3,5,448.8,233170.6
2018,5,9,192.1,119619.5
2018,8,27,331.5,201233.5
2017,9,9,217.5,139200
2017,8,7,327,205180.8
2018,3,3,7682.3,3228868.5
2018,1,7,661.3,349129.3
2017,11,29,408,226390.8
2018,8,26,360.4,231725
2018,5,8,328.1,203117.2
2017,12,28,352.5,219678
2017,10,6,537,293907.6
2017,4,8,397.5,246450
2017,7,5,427.5,254088
2019,3,6,528.7,275631.2
2018,6,30,195.5,113938.5
2018,7,28,532.1,326387.1
2017,6,13,436.5,270630
2017,10,5,837,457272
2017,1,5,322.5,190662
2018,12,8,435.2,225938.7
2017,5,8,550.5,321679.2
2018,8,27,345.1,217191
2018,3,3,10769.5,4528989.4
2017,11,29,588,328100.4
2018,6,29,462.4,268957
2018,5,8,358.7,219696.1
2018,7,29,465.8,283517
2017,7,5,324,192312
2017,3,6,1128,583458
2018,11,7,579.7,293424.3
2017,12,29,307.5,191634
2018,10,5,115.6,75140
2018,12,8,873.8,458133
2018,4,30,353.6,205875.8
2017,3,9,276,162904.8
2017,6,12,664.5,385476
2017,7,4,450,267492
2018,7,3,183.6,107031.6
2017,8,9,331.5,212160
2019,3,6,314.5,163260.5
2017,10,6,738,403640.4
2017,4,8,555,344100
2018,11,8,355.3,181036.7
2018,1,8,935,461228.3
2017,1,6,535.5,256658.4
2018,10,6,273.7,177794.5
2017,8,8,154.5,98880
2017,5,9,282,173407.2
2017,12,29,415.5,258939.6
2017,10,5,424.5,232040.4
2018,5,9,290.7,179862.8
2017,7,4,406.5,240343.2
2017,6,12,364.5,222928.8
2018,11,7,377.4,191925.5
2018,7,3,445.4,259685.4
2018,1,9,569.5,302750.5
2018,8,28,283.9,184535
2018,10,7,229.5,149175
2017,11,3,501,306607.2
2018,11,8,600.1,303150.9
2019,3,7,525.3,273028.6
2018,3,30,314.5,195622.7
2018,4,6,249.9,155300.6
2017,4,9,517.5,320850
2018,6,4,491.3,296273.9
2018,10,8,487.9,273183.3
2017,10,7,427.5,233089.2
2017,8,9,111,71040
2017,6,14,355.5,220410
2018,12,9,697,365534
2017,1,9,394.5,227805.6
2019,3,8,311.1,162423.3
2017,5,9,295.5,183210
2017,8,8,342,218880
2018,4,7,294.1,183748.5
2018,3,31,283.9,176497.1
2017,7,6,400.5,238230
2017,7,6,316.5,187788
2017,3,7,807,422126.4
2018,6,5,178.5,109146.7
2017,4,9,694.5,430503.6
2018,8,28,93.5,56570.8
2018,12,9,329.8,171982.2
2017,12,3,618,342738
2017,1,6,609,296288.4
2019,3,8,358.7,187138.9
2017,3,8,219,129472.8
2017,11,3,439.5,243354
2018,7,30,545.7,314232.1
2018,8,29,207.4,110513
2019,3,7,392.7,204526.4
2018,3,30,227.8,141928.8
2018,4,9,557.6,338521.3
2018,6,4,273.7,158298.4
2017,10,7,813,444798
2017,1,7,676.5,323913.6
2017,11,30,384,213142.8
2018,7,31,385.9,232653.2
2018,1,8,759.9,393295.5
2017,3,8,208.5,121312.8
2018,8,3,406.3,232714.3
2018,3,31,224.4,140145.2
2018,6,5,448.8,276836.3
2017,1,7,688.5,329824.8
2018,1,9,459,242179.6
2017,11,30,627,348346.8
2018,3,4,7454.5,3134309.1
2018,6,6,161.5,100578.4
2018,7,30,618.8,385171.8
2017,7,7,310.5,184362
2018,11,9,656.2,332792.2
2018,8,29,236.3,153595
2017,1,8,715.5,340114.8
2017,11,4,498,281251.2
2017,3,9,126,73410
2018,7,31,598.4,368180.8
2017,10,8,555,305541.6
2017,7,8,579,343818
2018,11,9,273.7,138741.2
2017,1,9,312,172900.8
2017,7,7,472.5,280518
2017,1,8,832.5,398733.6
2017,12,30,349.5,217808.4
2019,3,9,503.2,262176.2
2017,7,8,420,249186
2017,12,31,255,158916
2018,3,4,10585.9,4456387
2017,11,4,492,302726.4
2018,7,4,408,238368
2019,3,9,365.5,191781.2
2017,10,8,646.5,354808.8
2017,12,3,580.5,322251.6
2018,6,7,105.4,65591.5
2018,8,3,176.8,101264.8
2017,10,9,930,499635.6
2018,7,4,285.6,165698
2017,11,5,316.5,197242.8
2018,3,5,766.7,430554.8
2018,8,30,188.7,98358
2017,12,4,924,479625.6
2018,6,8,404.6,250620.5
2017,10,9,967.5,494524.8
2018,3,5,465.8,271941.8
2018,6,6,377.4,232697.4
2017,11,6,325.5,197150.4
2017,11,5,232.5,146154
2017,12,4,766.5,415450.8
2017,7,9,418.5,248172
2018,6,8,112.2,69603.3
2017,12,30,387,241178.4
2018,8,30,195.5,127075
2017,7,9,576,342084
2018,6,9,431.8,268669.7
2018,3,6,246.5,145424.5
2017,12,31,268.5,167329.2
2018,8,31,272,176800
2018,8,31,215.9,140335
2017,11,6,520.5,304936.8
2018,7,5,153,89193
2018,3,7,552.5,296367.5
2018,8,4,289,165529
2018,7,6,309.4,179657.4
2018,3,6,506.6,301784.6
2017,12,5,543,302430
2017,11,7,399,248656.8
2018,8,4,88.4,50632.4
2017,12,6,391.5,234910.8
2018,3,7,571.2,307299.2
2018,7,5,516.8,301817.1
2018,8,5,392.7,224924.7
2018,7,6,312.8,182488.8
2017,11,8,237,148278
2017,11,9,423,263613.6
2018,3,8,572.9,307687.9
2018,7,7,346.8,201910.8
2017,11,7,214.5,133642.8
2017,12,7,583.5,351973.2
2018,3,8,612,328022.5
2018,8,6,489.6,295340.5
2018,7,7,523.6,306009.6
2018,3,9,746.3,399855.3
2018,8,7,413.1,256226.1
2017,11,8,378,235569.6
2018,7,8,482.8,281158.8
2017,12,5,450,249272.4
2017,11,9,157.5,98506.8
2018,8,5,299.2,171371.2
2018,7,9,370.6,201585.8
2017,12,6,289.5,170048.4
2018,7,8,360.4,210570.1
2017,12,8,448.5,258722.4
2018,3,9,647.7,346318.7
2018,7,9,457.3,261199.9
2018,8,8,178.5,115141
2017,2,21,312,183688.8
2018,8,6,445.4,254429.5
2017,12,7,310.5,184626
2017,2,23,904.5,473732.4
2018,8,7,221,130990.6
2017,12,9,532.5,318030
2017,2,23,541.5,281340
2017,12,9,354,211396.8
2017,2,20,489,283168.8
2017,12,8,552,326679.6
2017,2,22,544.5,284764.8
2018,8,8,324.7,208325
2018,8,9,117.3,76245
2017,2,24,774,377338.8
2018,8,9,300.9,191685
2017,2,24,1155,566828.4
2017,2,21,436.5,258037.2
2017,2,22,955.5,501825.6
2017,2,25,726,353997.6
2017,2,25,1152,564445.2
2017,2,26,1594.5,788950.8
2017,2,28,1236,605989.2
2017,2,28,799.5,391514.4
2017,2,27,1092,532939.2
2017,2,26,918,447787.2
2017,2,27,1240.5,568902
2017,2,3,1683,811293.6
2017,2,4,816,391959.6
2017,2,7,463.5,234453.6
2017,2,5,1434,690364.8
2017,2,9,256.5,151424.4
2017,2,9,144,84105.6
2017,2,8,298.5,176473.2
2017,2,8,225,133020
